[[[-9.96328007e-01  7.96963472e-02  3.12888819e-02 -3.73935333e-02]
  [-2.34823615e-02  9.70723483e-02 -9.95000270e-01 -7.92386444e-02]
  [-8.23351722e-02 -9.92081373e-01 -9.48444409e-02 -5.28222716e-02]
  [ 0.00000000e+00  0.00000000e+00  0.00000000e+00  1.00000000e+00]]

 [[-9.95563957e-01  8.72716480e-02  3.51577515e-02 -4.95634946e-02]
  [-2.60004243e-02  1.03931985e-01 -9.94244497e-01 -8.33183283e-02]
  [-9.04233707e-02 -9.90748102e-01 -1.01201839e-01 -5.86357080e-02]
  [ 0.00000000e+00  0.00000000e+00  0.00000000e+00  1.00000000e+00]]

 [[-9.96182757e-01  7.69495662e-02  4.12150213e-02 -8.77201403e-02]
  [-3.22609288e-02  1.14180017e-01 -9.92936129e-01 -9.28949426e-02]
  [-8.11119362e-02 -9.90475486e-01 -1.11261699e-01 -6.81513218e-02]
  [ 0.00000000e+00  0.00000000e+00  0.00000000e+00  1.00000000e+00]]

 ...

 [[-2.78792776e-02 -2.43234575e-01 -9.69566752e-01 -4.20221302e+02]
  [ 9.98789195e-01 -4.61078624e-02 -1.71525012e-02 -4.77972489e+02]
  [-4.05325690e-02 -9.68870996e-01  2.44225519e-01 -4.18770990e-02]
  [ 0.00000000e+00  0.00000000e+00  0.00000000e+00  1.00000000e+00]]

 [[-1.46604506e-01 -1.71007796e-01 -9.74301520e-01 -4.20732245e+02]
  [ 9.89004947e-01 -4.46554037e-02 -1.40979108e-01 -4.78034662e+02]
  [-1.93993012e-02 -9.84257196e-01  1.75674239e-01 -2.02923317e-04]
  [ 0.00000000e+00  0.00000000e+00  0.00000000e+00  1.00000000e+00]]

 [[-9.26612532e-02 -2.05462711e-01 -9.74268426e-01 -4.21250232e+02]
  [ 9.95306839e-01 -4.65268027e-02 -8.48501848e-02 -4.78058006e+02]
  [-2.78960459e-02 -9.77558352e-01  2.08809673e-01  1.49864432e-02]
  [ 0.00000000e+00  0.00000000e+00  0.00000000e+00  1.00000000e+00]]]