[[[-9.48437841e-02  9.95000331e-01  3.12889516e-02 -3.73937576e-02]
  [-9.92081454e-01 -9.70716944e-02  7.96961447e-02 -7.92385746e-02]
  [ 8.23349619e-02 -2.34825046e-02  9.96328021e-01 -5.28219678e-02]
  [ 0.00000000e+00  0.00000000e+00  0.00000000e+00  1.00000000e+00]]

 [[-1.01201335e-01  9.94244547e-01  3.51578011e-02 -4.95639488e-02]
  [-9.90748215e-01 -1.03931470e-01  8.72709759e-02 -8.33182251e-02]
  [ 9.04226939e-02 -2.60005894e-02  9.95564014e-01 -5.86355467e-02]
  [ 0.00000000e+00  0.00000000e+00  0.00000000e+00  1.00000000e+00]]

 [[-1.11260899e-01  9.92936214e-01  4.12151437e-02 -8.77204036e-02]
  [-9.90475561e-01 -1.14179234e-01  7.69497581e-02 -9.28949010e-02]
  [ 8.11121150e-02 -3.22610933e-02  9.96182738e-01 -6.81513849e-02]
  [ 0.00000000e+00  0.00000000e+00  0.00000000e+00  1.00000000e+00]]

 ...

 [[ 3.63049855e-02 -5.24205674e-01  8.50817465e-01 -3.53898979e+02]
  [-9.89891547e-01 -1.35665609e-01 -4.13469223e-02 -5.35280686e+02]
  [ 1.37100961e-01 -8.40715918e-01 -5.23832103e-01 -3.65384252e+00]
  [ 0.00000000e+00  0.00000000e+00  0.00000000e+00  1.00000000e+00]]

 [[ 2.20213093e-02 -5.20979958e-01  8.53284797e-01 -3.53893281e+02]
  [-9.92133145e-01 -1.16593567e-01 -4.55824843e-02 -5.35290370e+02]
  [ 1.23235079e-01 -8.45568344e-01 -5.19449027e-01 -3.67003708e+00]
  [ 0.00000000e+00  0.00000000e+00  0.00000000e+00  1.00000000e+00]]

 [[ 3.08735036e-02 -5.20252279e-01  8.53454388e-01 -3.53883042e+02]
  [-9.92706436e-01 -1.15513562e-01 -3.45043259e-02 -5.35286538e+02]
  [ 1.16536511e-01 -8.46164395e-01 -5.20024094e-01 -3.67267460e+00]
  [ 0.00000000e+00  0.00000000e+00  0.00000000e+00  1.00000000e+00]]]