[[[-9.96328041e-01  7.96959520e-02  3.12888261e-02 -3.73934797e-02]
  [-2.34823061e-02  9.70727974e-02 -9.95000228e-01 -7.92386370e-02]
  [-8.23347843e-02 -9.92081361e-01 -9.48449053e-02 -5.28222620e-02]
  [ 0.00000000e+00  0.00000000e+00  0.00000000e+00  1.00000000e+00]]

 [[-9.95564005e-01  8.72711098e-02  3.51577171e-02 -4.95637285e-02]
  [-2.60004406e-02  1.03932032e-01 -9.94244492e-01 -8.33181462e-02]
  [-9.04228332e-02 -9.90748145e-01 -1.01201903e-01 -5.86354679e-02]
  [ 0.00000000e+00  0.00000000e+00  0.00000000e+00  1.00000000e+00]]

 [[-9.96182820e-01  7.69488121e-02  4.12149119e-02 -8.77201505e-02]
  [-3.22609095e-02  1.14179951e-01 -9.92936137e-01 -9.28949248e-02]
  [-8.11111729e-02 -9.90475552e-01 -1.11261667e-01 -6.81518101e-02]
  [ 0.00000000e+00  0.00000000e+00  0.00000000e+00  1.00000000e+00]]

 ...

 [[ 5.45902363e-01 -4.53224215e-02  8.36622070e-01 -3.48773569e+02]
  [-8.26490137e-01  1.34734002e-01  5.46590159e-01 -5.39181978e+02]
  [-1.37494230e-01 -9.89844749e-01  3.60930759e-02 -3.68661209e+00]
  [ 0.00000000e+00  0.00000000e+00  0.00000000e+00  1.00000000e+00]]

 [[ 5.41856447e-01 -4.91995578e-02  8.39029793e-01 -3.48772055e+02]
  [-8.31327447e-01  1.15478758e-01  5.43653687e-01 -5.39188721e+02]
  [-1.23637639e-01 -9.92090752e-01  2.16719665e-02 -3.70499516e+00]
  [ 0.00000000e+00  0.00000000e+00  0.00000000e+00  1.00000000e+00]]

 [[ 5.42131939e-01 -3.80974131e-02  8.39429299e-01 -3.48775549e+02]
  [-8.32099143e-01  1.14830361e-01  5.42609439e-01 -5.39182380e+02]
  [-1.17063986e-01 -9.92654308e-01  3.05523816e-02 -3.70671880e+00]
  [ 0.00000000e+00  0.00000000e+00  0.00000000e+00  1.00000000e+00]]]